%%% initial hw

p1 = 196
p2 = 410
a  = 2.6

Ax=p1

